101309
101410
101915
102109
102311
102614
103818
105014
105923
106016
106824
107422
107725
108323
108525
111413
112516
112920
113215
113922
114116
114823
115724
117122
120111
120414
120515
122418
123521
125222
125424
126426
126628
127630
127832
128632
128935
130114
130619
130821
130922
131217
132017
133019
133928
134223
135225
135528
135932
137027
137431
137532
137633
138332
138534
138837
139637
140319
141422
144125
144731
144832
145127
146129
146331
146533
146735
150019
150625
151425
151627
151930
153025
153227
153631
154229
154734
154835
155938
156233
156334
156536
157437
158035
158338
159239
159744
162026
162228
163432
164030
164131
167036
167238
168139
168341
169545
169949
170631
171330
172029
172433
172534
173233
173334
173435
173738
173839
173940
174841
175136
176441
176542
177140
178142
178950
179346
179548
180230
180533
180735
180836
181131
182739
183034
185139
186040
186141
187345
187850
188145
188448
188549
189349
189450
189652
191033
191841
191942
192540
193845
194140
194847
195041
196144
196346
198350
198653
199453
200008
200210
200311
201515
201818
202113
204622
205826
206323
207426
208226
209935
210617
211215
211821
211922
212015
212217
212419
213522
214019
220721
223929
231928
245333
246133
248339
249947
250932
263436
268850
281135
285345
287248
289555
299760
304727
309636
314225
317332
320826
321323
325129
329844
333330
336841
339847
349244
350330
356948
358144
360030
365343
366042
368551
376247
378857
379657
381543
385046
393247
393550
394956
395251
406432
406836
422632
436845
445543
448347
453441
467351
468050
469961
475855
495255
510326
513130
513736
522434
529549
529953
530635
536647
540436
548250
552241
559457
567961
568963
571144
572045
573451
580751
585862
587664
588565
599671
604537
611938
615441
615744
616645
618952
626648
628248
638049
644246
645450
645551
654350
654552
657659
660951
662551
673455
677968
679770
680452
683256
693764
698168
707749
709551
715647
715950
724446
732243
734045
751550
757764
761957
770352
771354
773257
774663
782561
783462
784565
788674
789373
792564
793465
803240
815247
818859
825654
826353
826454
828862
833249
835657
841349
844961
849264
856463
857263
865363
867468
871762
872562
872764
873968
877269
880157
885975
888678
891667
894673
899885
901139
902242
904044
905147
911849
912447
917558
930449
932554
933253
943862
952863
959574
965367
966975
969476
973770
984472
987074
987983
991267
992673
992774
993675
995174
996782
