101309
101410
101915
102311
103818
105014
106016
107422
108323
108525
111413
113215
113922
115724
117122
120414
120515
126628
127630
128632
131217
133019
133928
135225
135528
137027
138534
139637
141422
144731
144832
151627
154734
154835
156233
156536
157437
159239
162228
163432
164030
164131
167036
168139
168341
172029
172433
172534
173334
173435
173839
173940
176542
178142
178950
182739
186141
189349
189450
191033
192540
195041
200311
201818
204622
206323
208226
210617
212217
231928
245333
356948
394956
475855
552241
734045
771354
782561
783462
815247
844961
894673
930449
943862
