103111
109325
110007
111009
115017
118124
119126
119833
123925
124624
129331
130518
134728
136833
149741
151728
153126
153833
154330
154431
154532
155635
162329
163331
172332
178243
179245
181636
192843
197348
198249
200614
205119
206727
211114
213421
224022
275645
286650
304020
308331
311320
318637
355239
366446
380036
382242
392447
397861
419239
433839
456346
473952
485757
512835
541943
550439
555348
566454
576255
580650
581450
609143
656657
667056
675661
713239
735148
810843
861456
878776
889579
894067
896778
922854
927359
989987
990366
